11
Elder Duque 3 2759294 22.1543
1 1 1340491 23.5058
1 2 57844 71.7935
1 3 11773 14.8649
1 4 1891 23.1797
1 5 11198 63.1158
2 6 57761 4.27859
2 7 54611 21.7693
2 8 19773 24.8654
2 9 36827 17.8772
2 10 17381 22.1414
3 11 429741 27.7267
3 12 121421 58.5356
3 13 106253 43.6463
3 14 60690 41.1907
3 15 6013 5.55068
4 16 2986 0.326358
4 17 89736 36.3277
4 18 18972 30.3038
4 19 31549 53.3707
4 20 9821 23.3767
1 21 57558 62.527
1 22 84874 22.8812
2 23 20779 20.9453
2 24 19028 28.8281
2 25 4353 7.01565
3 26 6844 8.58343
3 27 20809 26.4948
1 28 45464 46.6843
3 29 12853 17.4928
Angela Samper 1 2275687 18.2714
1 1 98343 1.72447
1 2 19339 24.0027
1 3 64089 80.9205
1 4 4674 57.2935
1 5 5046 28.441
2 6 50785 3.76185
2 7 73397 29.2579
2 8 54548 68.5966
2 9 86921 42.1947
2 10 50146 63.8803
3 11 42926 2.76956
3 12 44689 21.544
3 13 63983 26.2828
3 14 50863 34.5211
3 15 98240 90.6867
4 16 910773 99.544
4 17 51524 20.8584
4 18 41743 66.6757
4 19 26328 44.5384
4 20 30775 73.2529
1 21 28572 31.0386
1 22 39627 10.683
2 23 67243 67.7812
2 24 28626 43.3694
2 25 42912 69.1605
3 26 68813 86.3021
3 27 34420 43.8248
1 28 46212 47.4524
3 29 50130 68.2264
Cristian Peñalosa 6 2103778 16.8912
1 1 584046 10.2414
1 2 1115 1.38389
1 3 405 0.511364
1 4 199 2.43932
1 5 75 0.422726
2 6 490733 36.3506
2 7 53143 21.1842
2 8 1025 1.28898
2 9 8685 4.21602
2 10 2035 2.59236
3 11 793193 51.1764
3 12 8000 3.8567
3 13 3754 1.54206
3 14 19156 13.0013
3 15 1944 1.79453
4 16 239 0.0261218
4 17 12735 5.15549
4 18 422 0.674057
4 19 91 0.153942
4 20 59 0.140436
1 21 4869 5.28934
1 22 102690 27.6842
2 23 800 0.806403
2 24 2708 4.10272
2 25 5963 9.61046
3 26 1004 1.25917
3 27 2121 2.70053
1 28 2065 2.12043
3 29 504 0.685938
Gloria Asprilla 6 809829 6.50209
1 1 506983 8.89006
1 2 1178 1.46208
1 3 508 0.641414
1 4 240 2.9419
1 5 84 0.473453
2 6 90052 6.67052
2 7 37961 15.1322
2 8 536 0.674044
2 9 758 0.367961
2 10 488 0.621656
3 11 76531 4.93774
3 12 7433 3.58336
3 13 6 0.00246466
3 14 7501 5.09098
3 15 719 0.663719
4 16 456 0.0498391
4 17 9415 3.81146
4 18 71 0.113408
4 19 57 0.0964255
4 20 0 0
1 21 33 0.0358489
1 22 65194 17.5756
2 23 142 0.143137
2 24 1778 2.69374
2 25 184 0.296549
3 26 732 0.918041
3 27 45 0.0572956
1 28 301 0.309079
3 29 443 0.602918
Felipe Renteria 4 746496 5.9936
1 1 102647 1.79994
1 2 1054 1.30818
1 3 2142 2.70455
1 4 1003 12.2947
1 5 1131 6.3747
2 6 102108 7.56356
2 7 29988 11.954
2 8 3598 4.52465
2 9 71668 34.7903
2 10 8427 10.735
3 11 133127 8.58928
3 12 7544 3.63687
3 13 69443 28.5256
3 14 8026 5.4473
3 15 1358 1.25359
4 16 470 0.0513692
4 17 82019 33.2037
4 18 1386 2.21385
4 19 1059 1.79148
4 20 1356 3.22765
1 21 1015 1.10263
1 22 48381 13.043
2 23 10234 10.3159
2 24 13461 20.3939
2 25 8301 13.3786
3 26 2059 2.5823
3 27 21074 26.8322
1 28 3029 3.1103
3 29 9388 12.777
Martina Estupiñan 9 993142 7.97391
1 1 901222 15.8031
1 2 0 0
1 3 10 0.0126263
1 4 23 0.281932
1 5 3 0.016909
2 6 90628 6.71319
2 7 374 0.149086
2 8 11 0.013833
2 9 72 0.0349515
2 10 0 0
3 11 129 0.00832301
3 12 212 0.102203
3 13 0 0
3 14 94 0.0637984
3 15 3 0.00276934
4 16 0 0
4 17 6 0.00242897
4 18 1 0.00159729
4 19 2 0.00338335
4 20 0 0
1 21 0 0
1 22 215 0.0579618
2 23 1 0.001008
2 24 29 0.0439361
2 25 19 0.0306219
3 26 13 0.016304
3 27 13 0.0165521
1 28 62 0.0636642
3 29 0 0
Voto en Blanco 0 962034 7.72414
1 1 898383 15.7534
1 2 0 0
1 3 2 0.00252525
1 4 2 0.0245158
1 5 0 0
2 6 63603 4.71133
2 7 4 0.0015945
2 8 6 0.00754527
2 9 0 0
2 10 0 0
3 11 9 0.000580675
3 12 0 0
3 13 0 0
3 14 2 0.00135741
3 15 0 0
4 16 0 0
4 17 0 0
4 18 0 0
4 19 1 0.00169168
4 20 0 0
1 21 0 0
1 22 2 0.000539179
2 23 0 0
2 24 7 0.0106053
2 25 0 0
3 26 4 0.00501662
3 27 9 0.0114591
1 28 0 0
3 29 0 0
Ignacio Estupiñan 7 460972 3.70113
1 1 321579 5.63896
1 2 36 0.0446816
1 3 252 0.318182
1 4 83 1.01741
1 5 203 1.14418
2 6 29825 2.20926
2 7 435 0.173402
2 8 8 0.0100604
2 9 355 0.17233
2 10 19 0.0242038
3 11 65306 4.21351
3 12 11486 5.53726
3 13 0 0
3 14 850 0.576901
3 15 38 0.0350783
4 16 13 0.00142085
4 17 1323 0.535589
4 18 10 0.0159729
4 19 13 0.0219918
4 20 0 0
1 21 3 0.00325899
1 22 28480 7.67792
2 23 6 0.00604802
2 24 184 0.278767
2 25 77 0.124099
3 26 174 0.218223
3 27 24 0.0305577
1 28 78 0.0800936
3 29 112 0.152431
Voto Nulo 0 782570 6.28323
1 1 544559 9.54897
1 2 1 0.00124116
1 3 1 0.00126263
1 4 18 0.220642
1 5 1 0.00563634
2 6 237941 17.6253
2 7 1 0.000398626
2 8 1 0.00125755
2 9 3 0.00145631
2 10 1 0.00127389
3 11 3 0.000193558
3 12 1 0.000482088
3 13 1 0.000410777
3 14 4 0.00271483
3 15 2 0.00184623
4 16 1 0.000109296
4 17 1 0.000404829
4 18 1 0.00159729
4 19 1 0.00169168
4 20 1 0.00238027
1 21 1 0.00108633
1 22 1 0.00026959
2 23 1 0.001008
2 24 14 0.0212105
2 25 1 0.00161168
3 26 3 0.00376246
3 27 4 0.00509295
1 28 1 0.00102684
3 29 1 0.00136099
Laura Lopez 8 396132 3.18053
1 1 321437 5.63647
1 2 3 0.00372347
1 3 18 0.0227273
1 4 15 0.183869
1 5 1 0.00563634
2 6 54942 4.06978
2 7 943 0.375904
2 8 9 0.0113179
2 9 703 0.341262
2 10 3 0.00382166
3 11 8942 0.576933
3 12 6636 3.19914
3 13 1 0.000410777
3 14 150 0.101806
3 15 4 0.00369246
4 16 7 0.000765073
4 17 259 0.104851
4 18 0 0
4 19 11 0.0186084
4 20 0 0
1 21 2 0.00217266
1 22 1379 0.371764
2 23 0 0
2 24 158 0.239376
2 25 194 0.312666
3 26 86 0.107857
3 27 10 0.0127324
1 28 174 0.17867
3 29 45 0.0612445
Abstinencia 0 164959 1.32445
1 1 83115 1.45744
1 2 0 0
1 3 0 0
1 4 10 0.122579
1 5 0 0
2 6 81622 6.04607
2 7 5 0.00199313
2 8 5 0.00628773
2 9 8 0.0038835
2 10 0 0
3 11 13 0.000838753
3 12 9 0.00433879
3 13 0 0
3 14 3 0.00203612
3 15 8 0.00738491
4 16 0 0
4 17 0 0
4 18 0 0
4 19 1 0.00169168
4 20 0 0
1 21 0 0
1 22 91 0.0245327
2 23 0 0
2 24 12 0.0181804
2 25 43 0.0693023
3 26 3 0.00376246
3 27 11 0.0140056
1 28 0 0
3 29 0 0